# g 1, MN_P24=2 (modelled; GB per node)
# T | built: node arena room | NEWTON_DKM=0: node arena room | BS_ARENA_ROOM=0 (DKM): node arena
9.0000e+10 |  396.43  259.85 r |  402.88  266.29 r |  384.00  247.41 +c  389.99
9.0200e+10 |  396.44  259.85 r |  402.88  266.29 r |  385.08  248.49 +c  389.99
9.0400e+10 |  396.44  259.85 r |  402.88  266.29 r |  386.16  249.57 +c  390.00
9.0600e+10 |  396.45  259.85 r |  402.89  266.29 r |  387.25  250.65 +c  392.15
9.0800e+10 |  396.45  259.85 r |  402.89  266.29 r |  388.33  251.73 +c  392.15
9.1000e+10 |  398.60  261.99 r |  405.04  268.44 r |  389.42  252.81 +c  394.31
9.1200e+10 |  398.61  261.99 r |  405.05  268.44 r |  390.50  253.89 +c  394.31
9.1400e+10 |  398.61  261.99 r |  405.05  268.44 r |  391.59  254.97 +c  394.31
9.1600e+10 |  400.76  264.14 r |  405.06  268.44 r |  392.67  256.05 +c  396.47
9.1800e+10 |  400.77  264.14 r |  405.06  268.44 r |  393.75  257.13 +c  396.47
9.2000e+10 |  402.92  266.29 r |  407.21  270.58 r |  394.84  258.21 +c  398.62
9.2200e+10 |  402.92  266.29 r |  413.66  277.03 r |  395.62  258.99 +c  398.63
9.2400e+10 |  407.22  270.58 r |  413.66  277.03 r |  395.85  259.22 +c  398.63
9.2600e+10 |  407.22  270.58 r |  413.67  277.03 r |  396.08  259.44 +c  398.63
9.2800e+10 |  407.23  270.58 r |  413.67  277.03 r |  396.32  259.67 +c  398.64
9.3000e+10 |  407.23  270.58 r |  413.68  277.03 r |  396.55  259.90 +c  402.94
9.3200e+10 |  407.24  270.58 r |  413.68  277.03 r |  396.78  260.12 +c  402.94
9.3400e+10 |  407.24  270.58 r |  413.68  277.03 r |  397.01  260.35 +c  402.95
9.3600e+10 |  407.25  270.58 r |  413.69  277.03 r |  397.24  260.58 +c  402.95
9.3800e+10 |  407.25  270.58 r |  413.69  277.03 r |  397.47  260.80 +c  402.95
9.4000e+10 |  407.25  270.58 r |  413.70  277.03 r |  397.70  261.03 +c  402.96
9.4200e+10 |  407.26  270.58 r |  413.70  277.03 r |  397.93  261.25 +c  402.96
9.4400e+10 |  407.26  270.58 r |  413.70  277.03 r |  398.16  261.48 +c  402.97
9.4600e+10 |  407.27  270.58 r |  413.71  277.03 r |  398.39  261.71 +c  402.97
9.4800e+10 |  407.27  270.58 r |  413.71  277.03 r |  398.62  261.93 +c  402.98
9.5000e+10 |  407.27  270.58 r |  413.72  277.03 r |  398.85  262.16 +c  402.98
9.5200e+10 |  407.28  270.58 r |  413.72  277.03 r |  399.08  262.39 +c  402.98
9.5400e+10 |  407.28  270.58 r |  413.73  277.03 r |  399.31  262.61 +c  402.99
9.5600e+10 |  407.29  270.58 r |  420.17  283.47 r |  399.54  262.84 +c  402.99
9.5800e+10 |  407.29  270.58 r |  420.18  283.47 r |  399.77  263.07 +c  403.00
9.6000e+10 |  413.74  277.03 r |  420.18  283.47 r |  400.01  263.29 +c  403.00
9.6200e+10 |  413.74  277.03 r |  420.18  283.47 r |  400.24  263.52 +c  403.00
9.6400e+10 |  413.75  277.03 r |  420.19  283.47 r |  400.47  263.75 +c  403.01
9.6600e+10 |  413.75  277.03 r |  420.19  283.47 r |  400.70  263.98 +c  403.01
9.6800e+10 |  413.75  277.03 r |  420.20  283.47 r |  400.93  264.20 +c  407.31
9.7000e+10 |  413.76  277.03 r |  420.20  283.47 r |  402.44  265.70 +c  407.32
9.7200e+10 |  413.76  277.03 r |  420.21  283.47 r |  402.55  265.82 +c  407.32
9.7400e+10 |  413.77  277.03 r |  420.21  283.47 r |  402.67  265.93 +c  407.32
9.7600e+10 |  413.77  277.03 r |  420.21  283.47 r |  402.79  266.04 +c  407.33
9.7800e+10 |  413.78  277.03 r |  420.22  283.47 r |  402.91  266.16 +c  407.33
9.8000e+10 |  413.78  277.03 r |  420.22  283.47 r |  403.02  266.27 +c  407.34
9.8200e+10 |  413.78  277.03 r |  420.23  283.47 r |  403.14  266.38 +c  407.34
9.8400e+10 |  413.79  277.03 r |  420.23  283.47 r |  403.26  266.50 +c  407.35
9.8600e+10 |  413.79  277.03 r |  420.23  283.47 r |  403.38  266.61 +c  407.35
9.8800e+10 |  413.80  277.03 r |  426.68  289.91 r |  403.49  266.72 +c  407.35
9.9000e+10 |  413.80  277.03 r |  426.69  289.91 r |  403.61  266.84 +c  407.36
9.9200e+10 |  413.80  277.03 r |  426.69  289.91 r |  403.73  266.95 +c  407.36
9.9400e+10 |  413.81  277.03 r |  426.69  289.91 r |  404.02  267.23 +c  407.37
9.9600e+10 |  420.26  283.47 r |  426.70  289.91 r |  404.36  267.57 +c  407.37
9.9800e+10 |  420.26  283.47 r |  426.70  289.91 r |  404.70  267.91 +c  407.37
1.0000e+11 |  420.26  283.47 r |  426.71  289.91 r |  405.05  268.25 +c  407.38
1.0020e+11 |  420.27  283.47 r |  426.71  289.91 r |  405.39  268.59 +c  407.38
1.0040e+11 |  420.27  283.47 r |  426.71  289.91 r |  405.74  268.93 +c  407.39
1.0060e+11 |  420.28  283.47 r |  426.72  289.91 r |  406.08  269.27 +c  413.83
1.0080e+11 |  420.28  283.47 r |  426.72  289.91 r |  406.42  269.61 +c  413.84
1.0100e+11 |  420.28  283.47 r |  426.73  289.91 r |  406.77  269.96 +c  413.84
1.0120e+11 |  420.29  283.47 r |  426.73  289.91 r |  407.12  270.30 +c  413.85
1.0140e+11 |  420.29  283.47 r |  426.74  289.91 r |  407.46  270.64 +c  413.85
1.0160e+11 |  420.30  283.47 r |  426.74  289.91 r |  407.81  270.98 +c  413.85
1.0180e+11 |  420.30  283.47 r |  426.74  289.91 r |  408.15  271.32 +c  413.86
1.0200e+11 |  420.31  283.47 r |  433.19  296.35 r |  408.49  271.66 +c  413.86
1.0220e+11 |  420.31  283.47 r |  433.19  296.35 r |  409.04  272.20 +c  413.87
1.0240e+11 |  420.31  283.47 r |  433.20  296.35 r |  409.70  272.85 +c  413.87
1.0260e+11 |  420.32  283.47 r |  433.20  296.35 r |  410.36  273.51 +c  413.88
1.0280e+11 |  420.32  283.47 r |  433.21  296.35 r |  411.01  274.16 +c  416.03
1.0300e+11 |  420.33  283.47 r |  433.21  296.35 r |  411.67  274.81 +c  416.03
1.0320e+11 |  426.77  289.91 r |  433.21  296.35 r |  412.33  275.47 +c  416.04
1.0340e+11 |  426.78  289.91 r |  433.22  296.35 r |  412.99  276.12 +c  416.04
1.0360e+11 |  426.78  289.91 r |  433.22  296.35 r |  413.64  276.77 +c  416.04
1.0380e+11 |  426.78  289.91 r |  433.23  296.35 r |  414.30  277.42 +c  418.20
1.0400e+11 |  426.79  289.91 r |  433.23  296.35 r |  414.95  278.07 +c  418.20
1.0420e+11 |  426.79  289.91 r |  433.24  296.35 r |  415.61  278.73 +c  418.20
1.0440e+11 |  426.80  289.91 r |  433.24  296.35 r |  416.27  279.38 +c  422.50
1.0460e+11 |  426.80  289.91 r |  433.24  296.35 r |  416.92  280.03 +c  422.51
1.0480e+11 |  428.95  292.06 r |  433.25  296.35 r |  417.58  280.69 +c  424.66
1.0500e+11 |  428.96  292.06 r |  433.25  296.35 r |  418.24  281.34 +c  424.66
1.0520e+11 |  428.96  292.06 r |  439.70  302.80 r |  418.90  281.99 +c  424.67
1.0540e+11 |  428.97  292.06 r |  439.70  302.80 r |  419.55  282.64 +c  424.67
1.0560e+11 |  428.97  292.06 r |  439.71  302.80 r |  420.21  283.30 +c  424.67
1.0580e+11 |  431.12  294.21 r |  439.71  302.80 r |  420.87  283.95 +c  426.83
1.0600e+11 |  431.13  294.21 r |  439.72  302.80 r |  421.52  284.60 +c  426.83
1.0620e+11 |  431.13  294.21 r |  439.72  302.80 r |  422.18  285.25 +c  426.83
1.0640e+11 |  431.13  294.21 r |  439.72  302.80 r |  422.84  285.91 +c  426.84
1.0660e+11 |  431.14  294.21 r |  439.73  302.80 r |  423.49  286.56 +c  426.84
1.0680e+11 |  437.58  300.65 r |  441.88  304.94 r |  424.15  287.21 +c  428.99
1.0700e+11 |  437.59  300.65 r |  441.88  304.94 r |  424.80  287.86 +c  429.00
1.0720e+11 |  437.59  300.65 r |  441.89  304.94 r |  425.46  288.52 +c  429.00
1.0740e+11 |  437.60  300.65 r |  441.89  304.94 r |  426.12  289.17 +c  429.01
1.0760e+11 |  437.60  300.65 r |  441.90  304.94 r |  426.78  289.82 +c  429.01
1.0780e+11 |  439.75  302.80 r |  444.05  307.09 r |  427.43  290.47 +c  431.16
1.0800e+11 |  439.76  302.80 r |  444.05  307.09 r |  428.09  291.13 +c  431.17
1.0820e+11 |  439.76  302.80 r |  444.06  307.09 r |  428.74  291.78 +c  435.47
1.0840e+11 |  439.77  302.80 r |  448.36  311.39 r |  429.40  292.43 +c  435.47
1.0860e+11 |  439.77  302.80 r |  448.36  311.39 r |  430.06  293.08 +c  435.47
1.0880e+11 |  441.92  304.94 r |  450.51  313.53 r |  430.71  293.73 +c  437.63
1.0900e+11 |  441.93  304.94 r |  450.52  313.53 r |  431.37  294.39 +c  437.63
1.0920e+11 |  441.93  304.94 r |  450.52  313.53 r |  432.02  295.04 +c  437.63
1.0940e+11 |  441.93  304.94 r |  450.52  313.53 r |  432.68  295.69 +c  437.64
1.0960e+11 |  441.94  304.94 r |  450.53  313.53 r |  433.34  296.34 +c  437.64
1.0980e+11 |  444.09  307.09 r |  452.68  315.68 r |  433.99  296.99 +c  439.79
1.1000e+11 |  444.09  307.09 r |  452.68  315.68 r |  434.65  297.64 +c  439.80
1.1020e+11 |  444.10  307.09 r |  452.69  315.68 r |  435.30  298.29 +c  439.80
1.1040e+11 |  448.40  311.39 r |  452.69  315.68 r |  435.96  298.94 +c  439.81
1.1060e+11 |  448.40  311.39 r |  452.70  315.68 r |  436.62  299.60 +c  439.81
1.1080e+11 |  450.55  313.53 r |  454.85  317.83 r |  437.27  300.25 +c  441.96
1.1100e+11 |  446.26  309.24 r |  450.56  313.53 r |  436.65  299.62 +c  437.67
1.1120e+11 |  446.27  309.24 r |  450.56  313.53 r |  436.88  299.85 +c  437.68
1.1140e+11 |  446.27  309.24 r |  450.57  313.53 r |  437.11  300.08 +c  437.68
1.1160e+11 |  446.27  309.24 r |  454.86  317.83 r |  437.34  300.30 +c  437.68
1.1180e+11 |  446.28  309.24 r |  454.87  317.83 r |  437.57  300.53 +c  441.98
1.1200e+11 |  446.28  309.24 r |  454.87  317.83 r |  437.80  300.76 +c  441.99
1.1220e+11 |  446.29  309.24 r |  454.88  317.83 r |  438.03  300.98 +c  441.99
1.1240e+11 |  446.29  309.24 r |  454.88  317.83 r |  438.26  301.21 +c  442.00
1.1260e+11 |  446.30  309.24 r |  454.89  317.83 r |  438.49  301.44 +c  442.00
1.1280e+11 |  446.30  309.24 r |  454.89  317.83 r |  438.72  301.66 +c  442.00
1.1300e+11 |  446.30  309.24 r |  454.89  317.83 r |  438.96  301.89 +c  442.01
1.1320e+11 |  446.31  309.24 r |  454.90  317.83 r |  439.19  302.12 +c  442.01
1.1340e+11 |  446.31  309.24 r |  454.90  317.83 r |  439.42  302.34 +c  442.02
1.1360e+11 |  446.32  309.24 r |  454.91  317.83 r |  439.65  302.57 +c  442.02
1.1380e+11 |  446.32  309.24 r |  454.91  317.83 r |  439.88  302.80 +c  442.03
1.1400e+11 |  450.62  313.53 r |  454.91  317.83 r |  440.11  303.02 +c  442.03
1.1420e+11 |  450.62  313.53 r |  454.92  317.83 r |  440.34  303.25 +c  442.03
1.1440e+11 |  450.63  313.53 r |  454.92  317.83 r |  440.57  303.47 +c  442.04
1.1460e+11 |  450.63  313.53 r |  454.93  317.83 r |  440.80  303.70 +c  442.04
1.1480e+11 |  450.64  313.53 r |  459.23  322.12 r |  441.03  303.93 +c  442.05
1.1500e+11 |  450.64  313.53 r |  459.23  322.12 r |  441.26  304.15 +c  442.05
1.1520e+11 |  450.64  313.53 r |  459.23  322.12 r |  441.49  304.38 +c  442.05
1.1540e+11 |  450.65  313.53 r |  459.24  322.12 r |  442.31  305.20 +c  444.21
1.1560e+11 |  450.65  313.53 r |  459.24  322.12 r |  442.43  305.31 +c  446.36
1.1580e+11 |  450.66  313.53 r |  459.25  322.12 r |  442.55  305.42 +c  446.36
1.1600e+11 |  450.66  313.53 r |  459.25  322.12 r |  442.66  305.54 +c  446.37
1.1620e+11 |  450.67  313.53 r |  459.26  322.12 r |  442.78  305.65 +c  446.37
1.1640e+11 |  450.67  313.53 r |  459.26  322.12 r |  442.90  305.76 +c  446.37
1.1660e+11 |  450.67  313.53 r |  459.26  322.12 r |  443.11  305.97 +c  446.38
1.1680e+11 |  450.68  313.53 r |  459.27  322.12 r |  443.34  306.20 +c  446.38
1.1700e+11 |  450.68  313.53 r |  459.27  322.12 r |  443.57  306.42 +c  446.39
1.1720e+11 |  450.69  313.53 r |  459.28  322.12 r |  443.80  306.65 +c  446.39
1.1740e+11 |  450.69  313.53 r |  459.28  322.12 r |  444.03  306.88 +c  446.40
1.1760e+11 |  454.99  317.83 r |  459.28  322.12 r |  444.26  307.10 +c  446.40
1.1780e+11 |  454.99  317.83 r |  459.29  322.12 r |  444.50  307.33 +c  446.40
1.1800e+11 |  455.00  317.83 r |  463.59  326.42 r |  444.73  307.56 +c  446.41
1.1820e+11 |  455.00  317.83 r |  463.59  326.42 r |  444.96  307.78 +c  446.41
1.1840e+11 |  455.01  317.83 r |  463.60  326.42 r |  445.19  308.01 +c  446.42
1.1860e+11 |  455.01  317.83 r |  463.60  326.42 r |  445.42  308.24 +c  446.42
1.1880e+11 |  455.01  317.83 r |  463.60  326.42 r |  445.65  308.46 +c  446.42
1.1900e+11 |  455.02  317.83 r |  463.61  326.42 r |  445.88  308.69 +c  446.43
1.1920e+11 |  455.02  317.83 r |  463.61  326.42 r |  446.11  308.91 +c  446.43
1.1940e+11 |  455.03  317.83 r |  463.62  326.42 r |  446.34  309.14 +c  450.73
1.1960e+11 |  455.03  317.83 r |  463.62  326.42 r |  446.57  309.37 +c  450.74
1.1980e+11 |  455.04  317.83 r |  463.62  326.42 r |  446.80  309.59 +c  450.74
1.2000e+11 |  455.04  317.83 r |  463.63  326.42 r |  447.03  309.82 +c  450.74
1.2020e+11 |  455.04  317.83 r |  463.63  326.42 r |  447.27  310.05 +c  450.75
1.2040e+11 |  455.05  317.83 r |  463.64  326.42 r |  447.50  310.28 +c  450.75
1.2060e+11 |  455.05  317.83 r |  463.64  326.42 r |  447.73  310.50 +c  450.76
1.2080e+11 |  455.06  317.83 r |  463.65  326.42 r |  447.96  310.73 +c  450.76
1.2100e+11 |  455.06  317.83 r |  463.65  326.42 r |  448.19  310.96 +c  450.77
1.2120e+11 |  459.36  322.12 r |  472.24  335.01 r |  448.42  311.18 +c  450.77
1.2140e+11 |  459.36  322.12 r |  472.25  335.01 r |  448.65  311.41 +c  450.77
1.2160e+11 |  459.37  322.12 r |  472.25  335.01 r |  448.88  311.64 +c  450.78
1.2180e+11 |  459.37  322.12 r |  472.26  335.01 r |  449.11  311.86 +c  450.78
1.2200e+11 |  459.38  322.12 r |  472.26  335.01 r |  449.34  312.09 +c  450.79
1.2220e+11 |  459.38  322.12 r |  472.26  335.01 r |  449.57  312.32 +c  450.79
1.2240e+11 |  459.38  322.12 r |  472.27  335.01 r |  449.80  312.54 +c  450.79
1.2260e+11 |  459.39  322.12 r |  472.27  335.01 r |  450.03  312.77 +c  450.80
1.2280e+11 |  459.39  322.12 r |  472.28  335.01 r |  450.27  313.00 +c  450.80
1.2300e+11 |  459.40  322.12 r |  472.28  335.01 r |  450.50  313.22 +c  450.81
1.2320e+11 |  459.40  322.12 r |  472.29  335.01 r |  450.73  313.45 +c  455.11
1.2340e+11 |  459.40  322.12 r |  472.29  335.01 r |  449.75  312.47 +c  455.11
1.2360e+11 |  459.41  322.12 r |  472.29  335.01 r |  449.98  312.69 +c  455.11
1.2380e+11 |  459.41  322.12 r |  472.30  335.01 r |  450.21  312.92 +c  455.12
1.2400e+11 |  459.42  322.12 r |  472.30  335.01 r |  450.44  313.15 +c  455.12
1.2420e+11 |  459.42  322.12 r |  472.31  335.01 r |  450.67  313.37 +c  455.13
1.2440e+11 |  459.43  322.12 r |  459.43  322.12 - |  450.90  313.60 +c  455.13
1.2460e+11 |  459.43  322.12 r |  463.72  326.42 - |  451.13  313.83 +c  455.13
1.2480e+11 |  463.73  326.42 r |  463.73  326.42 - |  451.36  314.05 +c  455.14
1.2500e+11 |  463.73  326.42 r |  463.73  326.42 - |  451.60  314.28 +c  455.14
1.2520e+11 |  463.74  326.42 r |  463.74  326.42 - |  451.83  314.51 +c  455.15
1.2540e+11 |  463.74  326.42 r |  463.74  326.42 - |  452.06  314.74 +c  455.15
1.2560e+11 |  463.75  326.42 r |  463.75  326.42 - |  452.29  314.96 +c  455.16
1.2580e+11 |  463.75  326.42 r |  463.75  326.42 - |  452.52  315.19 +c  455.16
1.2600e+11 |  463.75  326.42 r |  463.75  326.42 - |  452.75  315.42 +c  455.16
1.2620e+11 |  463.76  326.42 r |  463.76  326.42 - |  452.98  315.64 +c  455.17
1.2640e+11 |  463.76  326.42 r |  463.76  326.42 - |  453.21  315.87 +c  455.17
1.2660e+11 |  463.77  326.42 r |  463.77  326.42 - |  453.44  316.10 +c  455.18
1.2680e+11 |  463.77  326.42 r |  463.77  326.42 - |  453.67  316.32 +c  455.18
1.2700e+11 |  463.77  326.42 r |  463.77  326.42 - |  453.91  316.55 +c  459.48
1.2720e+11 |  463.78  326.42 r |  463.78  326.42 - |  454.14  316.77 +c  459.48
1.2740e+11 |  463.78  326.42 r |  463.78  326.42 - |  454.37  317.00 +c  459.49
1.2760e+11 |  463.79  326.42 r |  463.79  326.42 - |  454.60  317.23 +c  459.49
1.2780e+11 |  463.79  326.42 r |  463.79  326.42 - |  455.10  317.72 +c  459.50
1.2800e+11 |  463.80  326.42 r |  472.39  335.01 - |  455.64  318.26 +c  459.50
1.2820e+11 |  463.80  326.42 r |  472.39  335.01 - |  456.17  318.79 +c  459.50
1.2840e+11 |  472.39  335.01 r |  472.39  335.01 - |  456.71  319.32 +c  459.51
1.2860e+11 |  472.40  335.01 r |  472.40  335.01 - |  457.25  319.86 +c  461.66
1.2880e+11 |  472.40  335.01 r |  472.40  335.01 - |  457.78  320.39 +c  461.66
1.2900e+11 |  472.41  335.01 r |  472.41  335.01 - |  458.32  320.93 +c  461.67
1.2920e+11 |  472.41  335.01 r |  472.41  335.01 - |  458.80  321.39 +c  461.67
1.2940e+11 |  472.41  335.01 r |  472.41  335.01 - |  458.92  321.51 +c  461.68
1.2960e+11 |  472.42  335.01 r |  472.42  335.01 - |  459.03  321.62 +c  461.68
1.2980e+11 |  472.42  335.01 r |  472.42  335.01 - |  459.15  321.74 +c  461.69
1.3000e+11 |  472.43  335.01 r |  472.43  335.01 - |  459.27  321.85 +c  461.69
1.3020e+11 |  472.43  335.01 r |  472.43  335.01 - |  459.39  321.96 +c  461.69
1.3040e+11 |  472.44  335.01 r |  472.44  335.01 - |  459.50  322.08 +c  461.70
1.3060e+11 |  472.44  335.01 r |  472.44  335.01 - |  459.62  322.19 +c  461.70
1.3080e+11 |  472.44  335.01 r |  472.44  335.01 - |  459.74  322.30 +c  463.85
1.3100e+11 |  472.45  335.01 r |  472.45  335.01 - |  459.86  322.42 +c  463.86
1.3120e+11 |  472.45  335.01 r |  472.45  335.01 - |  459.97  322.53 +c  463.86
1.3140e+11 |  472.46  335.01 r |  481.05  343.60 - |  460.09  322.64 +c  463.87
1.3160e+11 |  472.46  335.01 r |  481.05  343.60 - |  460.21  322.76 +c  463.87
1.3180e+11 |  472.46  335.01 r |  481.05  343.60 - |  460.33  322.87 +c  463.87
1.3200e+11 |  472.47  335.01 r |  481.06  343.60 - |  460.44  322.98 +c  463.88
1.3220e+11 |  463.88  326.42 - |  481.06  343.60 - |  460.56  323.10 +c  463.88
1.3240e+11 |  463.89  326.42 - |  481.07  343.60 - |  460.68  323.21 +c  463.89
1.3260e+11 |  463.89  326.42 - |  481.07  343.60 - |  460.80  323.32 +c  463.89
1.3280e+11 |  463.90  326.42 - |  481.08  343.60 - |  460.91  323.44 +c  463.90
1.3300e+11 |  463.90  326.42 - |  481.08  343.60 - |  461.03  323.55 +c  463.90
1.3320e+11 |  463.90  326.42 - |  481.08  343.60 - |  461.15  323.66 +c  463.90
1.3340e+11 |  463.91  326.42 - |  481.09  343.60 - |  461.34  323.85 +c  463.91
1.3360e+11 |  463.91  326.42 - |  481.09  343.60 - |  461.80  324.30 +c  463.91
1.3380e+11 |  463.92  326.42 - |  481.10  343.60 - |  462.26  324.76 +c  463.92
1.3400e+11 |  463.92  326.42 - |  481.10  343.60 - |  462.71  325.21 +c  463.92
1.3420e+11 |  463.92  326.42 - |  481.10  343.60 - |  463.17  325.66 +c  463.92
1.3440e+11 |  463.93  326.42 - |  481.11  343.60 - |  463.63  326.12 +c  463.93
1.3460e+11 |  472.52  335.01 - |  489.70  352.19 - |  464.09  326.58 +c  472.52
1.3480e+11 |  472.53  335.01 - |  489.71  352.19 - |  464.55  327.03 +c  472.53
1.3500e+11 |  472.53  335.01 - |  489.71  352.19 - |  465.01  327.48 +c  472.53
1.3520e+11 |  472.54  335.01 - |  489.72  352.19 - |  465.46  327.94 +c  472.54
1.3540e+11 |  472.54  335.01 - |  489.72  352.19 - |  465.92  328.39 +c  472.54
1.3560e+11 |  472.54  335.01 - |  489.72  352.19 - |  466.38  328.84 +c  472.54
1.3580e+11 |  472.55  335.01 - |  489.73  352.19 - |  466.84  329.29 +c  472.55
1.3600e+11 |  472.55  335.01 - |  489.73  352.19 - |  467.29  329.75 +c  472.55
1.3620e+11 |  472.56  335.01 - |  489.74  352.19 - |  467.75  330.20 +c  472.56
1.3640e+11 |  472.56  335.01 - |  489.74  352.19 - |  468.21  330.65 +c  472.56
1.3660e+11 |  472.56  335.01 - |  489.74  352.19 - |  468.66  331.11 +c  472.56
1.3680e+11 |  472.57  335.01 - |  489.75  352.19 - |  469.12  331.56 +c  472.57
1.3700e+11 |  472.57  335.01 - |  489.75  352.19 - |  469.58  332.01 +c  472.57
1.3720e+11 |  472.58  335.01 - |  489.76  352.19 - |  470.04  332.47 +c  472.58
1.3740e+11 |  472.58  335.01 - |  489.76  352.19 - |  470.49  332.92 +c  472.58
1.3760e+11 |  472.59  335.01 - |  489.77  352.19 - |  470.95  333.37 +c  472.59
1.3780e+11 |  472.59  335.01 - |  489.77  352.19 - |  471.41  333.82 +c  472.59
1.3800e+11 |  472.59  335.01 - |  498.36  360.78 - |  471.86  334.28 +c  472.59
1.3820e+11 |  472.60  335.01 - |  498.37  360.78 - |  472.32  334.73 +c  472.60
1.3840e+11 |  481.19  343.60 - |  498.37  360.78 - |  472.78  335.18 +c  481.19
1.3860e+11 |  481.20  343.60 - |  498.38  360.78 - |  473.24  335.64 +c  481.20
1.3880e+11 |  481.20  343.60 - |  498.38  360.78 - |  473.69  336.09 +c  481.20
1.3900e+11 |  481.20  343.60 - |  498.38  360.78 - |  474.15  336.54 +c  481.20
1.3920e+11 |  481.21  343.60 - |  498.39  360.78 - |  474.61  337.00 +c  481.21
1.3940e+11 |  481.21  343.60 - |  498.39  360.78 - |  475.07  337.46 +c  481.21
1.3960e+11 |  481.22  343.60 - |  498.40  360.78 - |  475.53  337.91 +c  481.22
1.3980e+11 |  481.22  343.60 - |  498.40  360.78 - |  475.99  338.36 +c  481.22
1.4000e+11 |  481.22  343.60 - |  498.40  360.78 - |  476.44  338.82 +c  481.22
1.4020e+11 |  481.23  343.60 - |  498.41  360.78 - |  476.90  339.27 +c  481.23
1.4040e+11 |  481.23  343.60 - |  498.41  360.78 - |  477.36  339.72 +c  481.23
1.4060e+11 |  481.24  343.60 - |  498.42  360.78 - |  477.81  340.17 +c  481.24
1.4080e+11 |  481.24  343.60 - |  498.42  360.78 - |  478.27  340.63 +c  481.24
1.4100e+11 |  481.25  343.60 - |  498.43  360.78 - |  478.73  341.08 +c  481.25
1.4120e+11 |  481.25  343.60 - |  498.43  360.78 - |  479.19  341.53 +c  481.25
1.4140e+11 |  481.25  343.60 - |  507.02  369.37 - |  479.64  341.99 +c  481.25
1.4160e+11 |  481.26  343.60 - |  507.03  369.37 - |  480.10  342.44 +c  481.26
1.4180e+11 |  481.26  343.60 - |  507.03  369.37 - |  480.56  342.89 +c  481.26
1.4200e+11 |  481.27  343.60 - |  507.04  369.37 - |  481.01  343.35 +c  481.27
1.4220e+11 |  489.86  352.19 - |  507.04  369.37 - |  481.47  343.80 +c  489.86
1.4240e+11 |  489.86  352.19 - |  507.04  369.37 - |  481.93  344.25 +c  489.86
1.4260e+11 |  489.87  352.19 - |  507.05  369.37 - |  482.39  344.70 +c  489.87
1.4280e+11 |  489.87  352.19 - |  507.05  369.37 - |  482.84  345.16 +c  489.87
1.4300e+11 |  489.88  352.19 - |  507.06  369.37 - |  483.30  345.61 +c  489.88
1.4320e+11 |  489.88  352.19 - |  507.06  369.37 - |  483.76  346.06 +c  489.88
1.4340e+11 |  489.89  352.19 - |  507.07  369.37 - |  484.21  346.52 +c  489.89
1.4360e+11 |  489.89  352.19 - |  507.07  369.37 - |  484.67  346.97 +c  489.89
1.4380e+11 |  489.89  352.19 - |  507.07  369.37 - |  485.13  347.42 +c  489.89
1.4400e+11 |  489.90  352.19 - |  507.08  369.37 - |  485.59  347.88 +c  489.90
1.4420e+11 |  489.90  352.19 - |  507.08  369.37 - |  486.05  348.34 +c  489.90
1.4440e+11 |  489.91  352.19 - |  507.09  369.37 - |  486.51  348.79 +c  489.91
1.4460e+11 |  489.91  352.19 - |  507.09  369.37 - |  486.97  349.24 +c  489.91
1.4480e+11 |  489.91  352.19 - |  515.68  377.96 - |  487.42  349.70 +c  489.91
1.4500e+11 |  489.92  352.19 - |  515.69  377.96 - |  487.88  350.15 +c  489.92
1.4520e+11 |  489.92  352.19 - |  515.69  377.96 - |  488.34  350.60 +c  489.92
1.4540e+11 |  489.93  352.19 - |  515.70  377.96 - |  488.79  351.05 +c  489.93
1.4560e+11 |  489.93  352.19 - |  515.70  377.96 - |  489.25  351.51 +c  489.93
1.4580e+11 |  489.94  352.19 - |  515.71  377.96 - |  489.71  351.96 +c  489.94
1.4600e+11 |  498.53  360.78 - |  515.71  377.96 - |  490.17  352.41 +c  498.53
1.4620e+11 |  498.53  360.78 - |  515.71  377.96 - |  490.62  352.87 +c  498.53
1.4640e+11 |  498.54  360.78 - |  515.72  377.96 - |  491.08  353.32 +c  498.54
1.4660e+11 |  498.54  360.78 - |  515.72  377.96 - |  491.54  353.77 +c  498.54
1.4680e+11 |  498.55  360.78 - |  515.73  377.96 - |  491.99  354.23 +c  498.55
1.4700e+11 |  498.55  360.78 - |  515.73  377.96 - |  492.45  354.68 +c  498.55
1.4720e+11 |  498.55  360.78 - |  515.73  377.96 - |  492.91  355.13 +c  498.55
1.4740e+11 |  498.56  360.78 - |  515.74  377.96 - |  493.37  355.58 +c  498.56
1.4760e+11 |  498.56  360.78 - |  515.74  377.96 - |  493.82  356.04 +c  498.56
1.4780e+11 |  498.57  360.78 - |  515.75  377.96 - |  494.28  356.49 +c  498.57
1.4800e+11 |  511.46  373.66 - |  524.34  386.55 - |  506.67  368.88 +c  511.46
1.4820e+11 |  511.46  373.66 - |  530.79  392.99 - |  507.02  369.22 +c  511.46
1.4840e+11 |  511.46  373.66 - |  530.79  392.99 - |  507.36  369.56 +c  511.46
1.4860e+11 |  511.47  373.66 - |  530.80  392.99 - |  507.70  369.90 +c  511.47
1.4880e+11 |  511.47  373.66 - |  530.80  392.99 - |  508.05  370.24 +c  511.47
1.4900e+11 |  511.48  373.66 - |  530.80  392.99 - |  508.40  370.58 +c  511.48
1.4920e+11 |  511.48  373.66 - |  530.81  392.99 - |  508.74  370.92 +c  511.48
1.4940e+11 |  511.49  373.66 - |  530.81  392.99 - |  509.09  371.26 +c  511.49
1.4960e+11 |  511.49  373.66 - |  530.82  392.99 - |  509.43  371.60 +c  511.49
1.4980e+11 |  517.94  380.10 - |  530.82  392.99 - |  509.77  371.94 +c  517.94
1.5000e+11 |  517.94  380.10 - |  530.83  392.99 - |  510.12  372.28 +c  517.94
1.5020e+11 |  517.94  380.10 - |  530.83  392.99 - |  510.46  372.62 +c  517.94
1.5040e+11 |  517.95  380.10 - |  530.83  392.99 - |  510.81  372.96 +c  517.95
1.5060e+11 |  517.95  380.10 - |  530.84  392.99 - |  511.15  373.30 +c  517.95
1.5080e+11 |  517.96  380.10 - |  530.84  392.99 - |  511.49  373.64 +c  517.96
1.5100e+11 |  517.96  380.10 - |  530.85  392.99 - |  511.84  373.98 +c  517.96
1.5120e+11 |  517.97  380.10 - |  530.85  392.99 - |  512.18  374.32 +c  517.97
1.5140e+11 |  517.97  380.10 - |  530.85  392.99 - |  512.53  374.66 +c  517.97
1.5160e+11 |  517.97  380.10 - |  537.30  399.43 - |  512.87  375.00 +c  517.97
1.5180e+11 |  517.98  380.10 - |  537.31  399.43 - |  513.21  375.34 +c  517.98
1.5200e+11 |  517.98  380.10 - |  537.31  399.43 - |  513.56  375.68 +c  517.98
1.5220e+11 |  517.99  380.10 - |  537.31  399.43 - |  513.90  376.02 +c  517.99
1.5240e+11 |  517.99  380.10 - |  537.32  399.43 - |  514.24  376.36 +c  517.99
1.5260e+11 |  517.99  380.10 - |  537.32  399.43 - |  514.59  376.70 +c  517.99
1.5280e+11 |  518.00  380.10 - |  537.33  399.43 - |  514.93  377.04 +c  518.00
1.5300e+11 |  515.86  377.96 - |  535.18  397.28 - |  514.52  376.62 +c  515.86
1.5320e+11 |  515.86  377.96 - |  535.19  397.28 - |  514.87  376.96 +c  515.86
1.5340e+11 |  515.86  377.96 - |  535.19  397.28 - |  515.21  377.30 +c  515.86
1.5360e+11 |  522.31  384.40 - |  535.19  397.28 - |  515.55  377.64 +c  522.31
1.5380e+11 |  522.31  384.40 - |  535.20  397.28 - |  515.90  377.98 +c  522.31
1.5400e+11 |  522.32  384.40 - |  535.20  397.28 - |  516.25  378.33 +c  522.32
1.5420e+11 |  522.32  384.40 - |  535.21  397.28 - |  516.59  378.67 +c  522.32
1.5440e+11 |  522.33  384.40 - |  535.21  397.28 - |  516.93  379.01 +c  522.33
1.5460e+11 |  522.33  384.40 - |  535.22  397.28 - |  517.28  379.35 +c  522.33
1.5480e+11 |  522.34  384.40 - |  541.66  403.73 - |  517.62  379.69 +c  522.34
1.5500e+11 |  522.34  384.40 - |  541.67  403.73 - |  517.97  380.03 +c  522.34
1.5520e+11 |  522.34  384.40 - |  541.67  403.73 - |  518.31  380.37 +c  522.34
1.5540e+11 |  522.35  384.40 - |  541.67  403.73 - |  518.65  380.71 +c  522.35
1.5560e+11 |  522.35  384.40 - |  541.68  403.73 - |  519.00  381.05 +c  522.35
1.5580e+11 |  522.36  384.40 - |  541.68  403.73 - |  519.34  381.39 +c  522.36
1.5600e+11 |  522.36  384.40 - |  541.69  403.73 - |  519.69  381.73 +c  522.36
1.5620e+11 |  522.36  384.40 - |  541.69  403.73 - |  520.03  382.07 +c  522.36
1.5640e+11 |  522.37  384.40 - |  541.70  403.73 - |  520.37  382.41 +c  522.37
1.5660e+11 |  522.37  384.40 - |  541.70  403.73 - |  520.72  382.74 +c  522.37
1.5680e+11 |  528.82  390.84 - |  541.70  403.73 - |  527.34  389.36 +c  528.82
1.5700e+11 |  528.82  390.84 - |  541.71  403.73 - |  527.99  390.01 +c  528.82
1.5720e+11 |  530.97  392.99 - |  543.86  405.87 - |  528.63  390.65 +c  530.97
1.5740e+11 |  535.27  397.28 - |  543.86  405.87 - |  529.28  391.30 +c  535.27
1.5760e+11 |  535.28  397.28 - |  543.87  405.87 - |  529.93  391.94 +c  535.28
1.5780e+11 |  535.28  397.28 - |  543.87  405.87 - |  530.58  392.58 +c  535.28
1.5800e+11 |  535.29  397.28 - |  543.88  405.87 - |  531.23  393.22 +c  535.29
1.5820e+11 |  537.44  399.43 - |  552.47  414.46 - |  531.87  393.87 +c  537.44
1.5840e+11 |  537.44  399.43 - |  552.47  414.46 - |  532.52  394.51 +c  537.44
1.5860e+11 |  537.45  399.43 - |  552.48  414.46 - |  533.17  395.15 +c  537.45
1.5880e+11 |  537.45  399.43 - |  552.48  414.46 - |  533.82  395.80 +c  537.45
1.5900e+11 |  537.45  399.43 - |  552.49  414.46 - |  534.47  396.45 +c  537.45
1.5920e+11 |  539.61  401.58 - |  554.64  416.61 - |  535.11  397.09 +c  539.61
1.5940e+11 |  539.61  401.58 - |  554.64  416.61 - |  535.76  397.73 +c  539.61
1.5960e+11 |  539.61  401.58 - |  554.65  416.61 - |  536.41  398.37 +c  539.61
1.5980e+11 |  539.62  401.58 - |  554.65  416.61 - |  537.06  399.02 +c  539.62
1.6000e+11 |  539.62  401.58 - |  554.66  416.61 - |  537.71  399.66 +c  539.62
built (DKM layout, the new check): largest T with the room kept and fitting 1.3200e+11; the room first off at 1.3220e+11; largest T fitting 1.3820e+11
NEWTON_DKM=0 (the new check): largest T with the room kept and fitting 1.2420e+11; the room first off at 1.2440e+11; largest T fitting 1.3120e+11
BS_ARENA_ROOM=0 (DKM layout, arena as laid out): largest T with the room kept and fitting -; the room first off at 9.0000e+10; largest T fitting 1.4140e+11
BS_ARENA_ROOM=0 (DKM layout) with the arenas counted in whole VMM chunks: largest T fitting 1.3820e+11
