# g 576, MN_P24=2 (modelled; GB per node)
# T | built: node arena room | NEWTON_DKM=0: node arena room | BS_ARENA_ROOM=0 (DKM): node arena
5.0000e+13 |  454.75  283.47 r |  463.34  292.06 r |  445.43  274.15 +c  446.16
5.0020e+13 |  454.75  283.47 r |  463.34  292.06 r |  445.53  274.25 +c  446.16
5.0040e+13 |  454.75  283.47 r |  463.34  292.06 r |  445.63  274.35 +c  446.16
5.0060e+13 |  454.75  283.47 r |  471.93  300.65 r |  445.73  274.45 +c  446.16
5.0080e+13 |  454.75  283.47 r |  471.93  300.65 r |  445.84  274.55 +c  446.16
5.0100e+13 |  454.75  283.47 r |  471.93  300.65 r |  445.93  274.64 +c  446.16
5.0120e+13 |  454.75  283.47 r |  471.93  300.65 r |  446.03  274.74 +c  446.16
5.0140e+13 |  454.75  283.47 r |  471.93  300.65 r |  446.13  274.84 +c  446.16
5.0160e+13 |  454.75  283.47 r |  471.93  300.65 r |  446.23  274.95 +c  454.75
5.0180e+13 |  454.75  283.47 r |  471.93  300.65 r |  446.33  275.05 +c  454.75
5.0200e+13 |  454.75  283.47 r |  471.93  300.65 r |  446.43  275.15 +c  454.75
5.0220e+13 |  454.75  283.47 r |  471.93  300.65 r |  446.52  275.24 +c  454.75
5.0240e+13 |  454.75  283.47 r |  471.93  300.65 r |  446.62  275.34 +c  454.75
5.0260e+13 |  454.75  283.47 r |  471.93  300.65 r |  446.72  275.44 +c  454.75
5.0280e+13 |  454.75  283.47 r |  471.93  300.65 r |  446.83  275.54 +c  454.75
5.0300e+13 |  454.75  283.47 r |  471.93  300.65 r |  446.93  275.64 +c  454.75
5.0320e+13 |  454.75  283.47 r |  471.93  300.65 r |  447.03  275.74 +c  454.75
5.0340e+13 |  454.75  283.47 r |  471.93  300.65 r |  447.13  275.84 +c  454.75
5.0360e+13 |  454.75  283.47 r |  471.93  300.65 r |  447.22  275.93 +c  454.75
5.0380e+13 |  454.75  283.47 r |  471.93  300.65 r |  447.32  276.04 +c  454.75
5.0400e+13 |  454.75  283.47 r |  471.93  300.65 r |  447.42  276.14 +c  454.75
5.0420e+13 |  454.75  283.47 r |  471.93  300.65 r |  447.52  276.24 +c  454.75
5.0440e+13 |  454.75  283.47 r |  471.93  300.65 r |  447.62  276.34 +c  454.75
5.0460e+13 |  454.75  283.47 r |  471.93  300.65 r |  447.72  276.44 +c  454.75
5.0480e+13 |  454.75  283.47 r |  471.93  300.65 r |  447.81  276.53 +c  454.75
5.0500e+13 |  454.75  283.47 r |  471.93  300.65 r |  447.92  276.63 +c  454.75
5.0520e+13 |  454.75  283.47 r |  471.93  300.65 r |  448.02  276.73 +c  454.75
5.0540e+13 |  454.75  283.47 r |  471.93  300.65 r |  448.12  276.83 +c  454.75
5.0560e+13 |  454.75  283.47 r |  471.93  300.65 r |  448.22  276.93 +c  454.75
5.0580e+13 |  454.75  283.47 r |  471.93  300.65 r |  448.32  277.03 +c  454.75
5.0600e+13 |  463.34  292.06 r |  471.93  300.65 r |  448.41  277.13 +c  454.75
5.0620e+13 |  463.34  292.06 r |  471.93  300.65 r |  448.51  277.23 +c  454.75
5.0640e+13 |  463.34  292.06 r |  471.93  300.65 r |  448.61  277.33 +c  454.75
5.0660e+13 |  463.34  292.06 r |  471.93  300.65 r |  448.71  277.43 +c  454.75
5.0680e+13 |  463.34  292.06 r |  471.93  300.65 r |  448.81  277.53 +c  454.75
5.0700e+13 |  463.34  292.06 r |  471.93  300.65 r |  448.91  277.63 +c  454.75
5.0720e+13 |  463.34  292.06 r |  471.93  300.65 r |  449.01  277.73 +c  454.75
5.0740e+13 |  463.34  292.06 r |  471.93  300.65 r |  449.11  277.82 +c  454.75
5.0760e+13 |  463.34  292.06 r |  471.93  300.65 r |  449.21  277.92 +c  454.75
5.0780e+13 |  463.34  292.06 r |  471.93  300.65 r |  449.31  278.02 +c  454.75
5.0800e+13 |  463.34  292.06 r |  471.93  300.65 r |  449.41  278.12 +c  454.75
5.0820e+13 |  463.34  292.06 r |  471.93  300.65 r |  449.51  278.22 +c  454.75
5.0840e+13 |  463.34  292.06 r |  471.93  300.65 r |  449.61  278.33 +c  454.75
5.0860e+13 |  463.34  292.06 r |  471.93  300.65 r |  449.70  278.42 +c  454.75
5.0880e+13 |  463.34  292.06 r |  471.93  300.65 r |  449.80  278.52 +c  454.75
5.0900e+13 |  463.34  292.06 r |  471.93  300.65 r |  449.90  278.62 +c  454.75
5.0920e+13 |  463.34  292.06 r |  471.93  300.65 r |  450.00  278.72 +c  454.75
5.0940e+13 |  463.34  292.06 r |  471.93  300.65 r |  450.10  278.82 +c  454.75
5.0960e+13 |  463.34  292.06 r |  471.93  300.65 r |  450.21  278.92 +c  454.75
5.0980e+13 |  463.34  292.06 r |  471.93  300.65 r |  450.30  279.01 +c  454.75
5.1000e+13 |  463.34  292.06 r |  471.93  300.65 r |  450.40  279.11 +c  454.75
5.1020e+13 |  463.34  292.06 r |  471.93  300.65 r |  450.50  279.21 +c  454.75
5.1040e+13 |  463.34  292.06 r |  471.93  300.65 r |  450.60  279.32 +c  454.75
5.1060e+13 |  463.34  292.06 r |  471.93  300.65 r |  450.70  279.42 +c  454.75
5.1080e+13 |  463.34  292.06 r |  471.93  300.65 r |  450.80  279.52 +c  454.75
5.1100e+13 |  463.34  292.06 r |  471.93  300.65 r |  450.90  279.62 +c  454.75
5.1120e+13 |  463.34  292.06 r |  471.93  300.65 r |  450.99  279.71 +c  454.75
5.1140e+13 |  463.34  292.06 r |  471.93  300.65 r |  451.09  279.81 +c  454.75
5.1160e+13 |  463.34  292.06 r |  471.93  300.65 r |  451.20  279.91 +c  454.75
5.1180e+13 |  463.34  292.06 r |  471.93  300.65 r |  451.30  280.01 +c  454.75
5.1200e+13 |  463.34  292.06 r |  471.93  300.65 r |  451.40  280.11 +c  454.75
5.1220e+13 |  463.34  292.06 r |  471.93  300.65 r |  451.50  280.21 +c  454.75
5.1240e+13 |  463.34  292.06 r |  471.93  300.65 r |  451.59  280.31 +c  454.75
5.1260e+13 |  463.34  292.06 r |  471.93  300.65 r |  451.69  280.41 +c  454.75
5.1280e+13 |  463.34  292.06 r |  471.93  300.65 r |  451.79  280.51 +c  454.75
5.1300e+13 |  463.34  292.06 r |  471.93  300.65 r |  451.89  280.61 +c  454.75
5.1320e+13 |  463.34  292.06 r |  471.93  300.65 r |  451.99  280.71 +c  454.75
5.1340e+13 |  463.34  292.06 r |  471.93  300.65 r |  452.09  280.81 +c  454.75
5.1360e+13 |  463.34  292.06 r |  471.93  300.65 r |  452.19  280.91 +c  454.75
5.1380e+13 |  463.34  292.06 r |  471.93  300.65 r |  452.29  281.00 +c  454.75
5.1400e+13 |  463.34  292.06 r |  471.93  300.65 r |  452.39  281.10 +c  454.75
5.1420e+13 |  463.34  292.06 r |  471.93  300.65 r |  452.49  281.20 +c  454.75
5.1440e+13 |  463.34  292.06 r |  471.93  300.65 r |  452.59  281.30 +c  454.75
5.1460e+13 |  463.34  292.06 r |  471.93  300.65 r |  452.69  281.40 +c  454.75
5.1480e+13 |  463.34  292.06 r |  471.93  300.65 r |  452.79  281.50 +c  454.75
5.1500e+13 |  463.34  292.06 r |  471.93  300.65 r |  452.88  281.60 +c  454.75
5.1520e+13 |  463.34  292.06 r |  471.93  300.65 r |  452.98  281.70 +c  454.75
5.1540e+13 |  463.34  292.06 r |  471.93  300.65 r |  453.08  281.80 +c  454.75
5.1560e+13 |  463.34  292.06 r |  471.93  300.65 r |  453.18  281.90 +c  454.75
5.1580e+13 |  463.34  292.06 r |  471.93  300.65 r |  453.28  282.00 +c  454.75
5.1600e+13 |  463.34  292.06 r |  471.93  300.65 r |  453.38  282.10 +c  454.75
5.1620e+13 |  463.34  292.06 r |  471.93  300.65 r |  453.48  282.19 +c  454.75
5.1640e+13 |  463.34  292.06 r |  471.93  300.65 r |  453.58  282.29 +c  454.75
5.1660e+13 |  463.34  292.06 r |  471.93  300.65 r |  453.68  282.39 +c  454.75
5.1680e+13 |  463.34  292.06 r |  463.34  292.06 - |  453.78  282.49 +c  454.75
5.1700e+13 |  463.34  292.06 r |  463.34  292.06 - |  453.88  282.60 +c  454.75
5.1720e+13 |  463.34  292.06 r |  463.34  292.06 - |  453.98  282.70 +c  454.75
5.1740e+13 |  463.34  292.06 r |  463.34  292.06 - |  454.07  282.79 +c  454.75
5.1760e+13 |  463.34  292.06 r |  463.34  292.06 - |  454.17  282.89 +c  454.75
5.1780e+13 |  463.34  292.06 r |  463.34  292.06 - |  454.27  282.99 +c  454.75
5.1800e+13 |  463.34  292.06 r |  463.34  292.06 - |  454.37  283.09 +c  454.75
5.1820e+13 |  463.34  292.06 r |  463.34  292.06 - |  454.48  283.19 +c  454.75
5.1840e+13 |  463.34  292.06 r |  463.34  292.06 - |  454.58  283.29 +c  454.75
5.1860e+13 |  463.34  292.06 r |  463.34  292.06 - |  454.68  283.39 +c  454.75
5.1880e+13 |  463.34  292.06 r |  463.34  292.06 - |  454.77  283.48 +c  463.34
5.1900e+13 |  463.34  292.06 r |  463.34  292.06 - |  454.87  283.59 +c  463.34
5.1920e+13 |  463.34  292.06 r |  463.34  292.06 - |  454.97  283.69 +c  463.34
5.1940e+13 |  463.34  292.06 r |  463.34  292.06 - |  455.07  283.79 +c  463.34
5.1960e+13 |  463.34  292.06 r |  463.34  292.06 - |  455.17  283.89 +c  463.34
5.1980e+13 |  463.34  292.06 r |  463.34  292.06 - |  455.27  283.99 +c  463.34
5.2000e+13 |  463.34  292.06 r |  463.34  292.06 - |  455.36  284.08 +c  463.34
5.2020e+13 |  463.34  292.06 r |  463.34  292.06 - |  455.47  284.18 +c  463.34
5.2040e+13 |  463.34  292.06 r |  463.34  292.06 - |  455.57  284.28 +c  463.34
5.2060e+13 |  463.34  292.06 r |  463.34  292.06 - |  455.67  284.38 +c  463.34
5.2080e+13 |  463.34  292.06 r |  463.34  292.06 - |  455.77  284.48 +c  463.34
5.2100e+13 |  463.34  292.06 r |  463.34  292.06 - |  455.87  284.58 +c  463.34
5.2120e+13 |  463.34  292.06 r |  463.34  292.06 - |  455.97  284.68 +c  463.34
5.2140e+13 |  463.34  292.06 r |  463.34  292.06 - |  456.06  284.78 +c  463.34
5.2160e+13 |  463.34  292.06 r |  463.34  292.06 - |  456.16  284.88 +c  463.34
5.2180e+13 |  463.34  292.06 r |  463.34  292.06 - |  456.26  284.98 +c  463.34
5.2200e+13 |  463.34  292.06 r |  463.34  292.06 - |  456.36  285.08 +c  463.34
5.2220e+13 |  463.34  292.06 r |  463.34  292.06 - |  456.46  285.18 +c  463.34
5.2240e+13 |  463.34  292.06 r |  463.34  292.06 - |  456.56  285.28 +c  463.34
5.2260e+13 |  463.34  292.06 r |  463.34  292.06 - |  456.66  285.37 +c  463.34
5.2280e+13 |  463.34  292.06 r |  463.34  292.06 - |  456.76  285.47 +c  463.34
5.2300e+13 |  471.93  300.65 r |  463.34  292.06 - |  456.86  285.57 +c  463.34
5.2320e+13 |  471.93  300.65 r |  463.34  292.06 - |  456.96  285.67 +c  463.34
5.2340e+13 |  471.93  300.65 r |  463.34  292.06 - |  457.06  285.77 +c  463.34
5.2360e+13 |  471.93  300.65 r |  463.34  292.06 - |  457.16  285.88 +c  463.34
5.2380e+13 |  471.93  300.65 r |  463.34  292.06 - |  457.25  285.97 +c  463.34
5.2400e+13 |  471.93  300.65 r |  463.34  292.06 - |  457.35  286.07 +c  463.34
5.2420e+13 |  471.93  300.65 r |  463.34  292.06 - |  457.45  286.17 +c  463.34
5.2440e+13 |  471.93  300.65 r |  463.34  292.06 - |  457.55  286.27 +c  463.34
5.2460e+13 |  471.93  300.65 r |  463.34  292.06 - |  457.65  286.37 +c  463.34
5.2480e+13 |  471.93  300.65 r |  463.34  292.06 - |  457.76  286.47 +c  463.34
5.2500e+13 |  471.93  300.65 r |  463.34  292.06 - |  457.85  286.56 +c  463.34
5.2520e+13 |  471.93  300.65 r |  463.34  292.06 - |  457.95  286.66 +c  463.34
5.2540e+13 |  471.93  300.65 r |  471.93  300.65 - |  458.05  286.76 +c  463.34
5.2560e+13 |  471.93  300.65 r |  471.93  300.65 - |  458.15  286.87 +c  463.34
5.2580e+13 |  471.93  300.65 r |  471.93  300.65 - |  458.25  286.97 +c  463.34
5.2600e+13 |  471.93  300.65 r |  471.93  300.65 - |  458.35  287.07 +c  463.34
5.2620e+13 |  471.93  300.65 r |  471.93  300.65 - |  458.45  287.17 +c  463.34
5.2640e+13 |  471.93  300.65 r |  471.93  300.65 - |  458.54  287.26 +c  463.34
5.2660e+13 |  471.93  300.65 r |  471.93  300.65 - |  458.64  287.36 +c  463.34
5.2680e+13 |  471.93  300.65 r |  471.93  300.65 - |  458.75  287.46 +c  463.34
5.2700e+13 |  471.93  300.65 r |  471.93  300.65 - |  458.85  287.56 +c  463.34
5.2720e+13 |  471.93  300.65 r |  471.93  300.65 - |  458.95  287.66 +c  463.34
5.2740e+13 |  471.93  300.65 r |  471.93  300.65 - |  459.05  287.76 +c  463.34
5.2760e+13 |  471.93  300.65 r |  471.93  300.65 - |  459.14  287.86 +c  463.34
5.2780e+13 |  471.93  300.65 r |  471.93  300.65 - |  459.24  287.96 +c  463.34
5.2800e+13 |  471.93  300.65 r |  471.93  300.65 - |  459.34  288.06 +c  463.34
5.2820e+13 |  471.93  300.65 r |  471.93  300.65 - |  459.44  288.16 +c  463.34
5.2840e+13 |  471.93  300.65 r |  471.93  300.65 - |  459.54  288.26 +c  463.34
5.2860e+13 |  471.93  300.65 r |  471.93  300.65 - |  459.64  288.36 +c  463.34
5.2880e+13 |  471.93  300.65 r |  471.93  300.65 - |  459.74  288.46 +c  463.34
5.2900e+13 |  471.93  300.65 r |  471.93  300.65 - |  459.84  288.55 +c  463.34
5.2920e+13 |  471.93  300.65 r |  471.93  300.65 - |  459.94  288.65 +c  463.34
5.2940e+13 |  471.93  300.65 r |  471.93  300.65 - |  460.04  288.75 +c  463.34
5.2960e+13 |  471.93  300.65 r |  471.93  300.65 - |  460.14  288.85 +c  463.34
5.2980e+13 |  471.93  300.65 r |  471.93  300.65 - |  460.24  288.95 +c  463.34
5.3000e+13 |  471.93  300.65 r |  471.93  300.65 - |  460.34  289.05 +c  463.34
5.3020e+13 |  471.93  300.65 r |  471.93  300.65 - |  460.43  289.15 +c  463.34
5.3040e+13 |  471.93  300.65 r |  471.93  300.65 - |  460.53  289.25 +c  463.34
5.3060e+13 |  471.93  300.65 r |  471.93  300.65 - |  460.63  289.35 +c  463.34
5.3080e+13 |  471.93  300.65 r |  471.93  300.65 - |  460.73  289.45 +c  463.34
5.3100e+13 |  471.93  300.65 r |  471.93  300.65 - |  460.83  289.55 +c  463.34
5.3120e+13 |  471.93  300.65 r |  471.93  300.65 - |  460.93  289.65 +c  463.34
5.3140e+13 |  471.93  300.65 r |  471.93  300.65 - |  461.03  289.74 +c  463.34
5.3160e+13 |  471.93  300.65 r |  471.93  300.65 - |  461.13  289.84 +c  463.34
5.3180e+13 |  471.93  300.65 r |  471.93  300.65 - |  461.23  289.94 +c  463.34
5.3200e+13 |  471.93  300.65 r |  471.93  300.65 - |  461.33  290.04 +c  463.34
5.3220e+13 |  471.93  300.65 r |  471.93  300.65 - |  461.43  290.15 +c  463.34
5.3240e+13 |  471.93  300.65 r |  471.93  300.65 - |  461.53  290.25 +c  463.34
5.3260e+13 |  471.93  300.65 r |  471.93  300.65 - |  461.62  290.34 +c  463.34
5.3280e+13 |  471.93  300.65 r |  471.93  300.65 - |  461.72  290.44 +c  463.34
5.3300e+13 |  471.93  300.65 r |  471.93  300.65 - |  461.82  290.54 +c  463.34
5.3320e+13 |  471.93  300.65 r |  471.93  300.65 - |  461.92  290.64 +c  463.34
5.3340e+13 |  471.93  300.65 r |  471.93  300.65 - |  462.03  290.74 +c  463.34
5.3360e+13 |  471.93  300.65 r |  471.93  300.65 - |  462.13  290.84 +c  463.34
5.3380e+13 |  471.93  300.65 r |  471.93  300.65 - |  462.23  290.94 +c  463.34
5.3400e+13 |  471.93  300.65 r |  471.93  300.65 - |  462.32  291.03 +c  463.34
5.3420e+13 |  471.93  300.65 r |  471.93  300.65 - |  462.42  291.14 +c  463.34
5.3440e+13 |  471.93  300.65 r |  471.93  300.65 - |  462.52  291.24 +c  463.34
5.3460e+13 |  471.93  300.65 r |  471.93  300.65 - |  462.62  291.34 +c  463.34
5.3480e+13 |  471.93  300.65 r |  471.93  300.65 - |  462.72  291.44 +c  463.34
5.3500e+13 |  471.93  300.65 r |  471.93  300.65 - |  462.82  291.54 +c  463.34
5.3520e+13 |  471.93  300.65 r |  471.93  300.65 - |  462.91  291.63 +c  463.34
5.3540e+13 |  471.93  300.65 r |  471.93  300.65 - |  463.02  291.73 +c  463.34
5.3560e+13 |  471.93  300.65 r |  471.93  300.65 - |  463.12  291.83 +c  463.34
5.3580e+13 |  471.93  300.65 r |  471.93  300.65 - |  463.22  291.93 +c  463.34
5.3600e+13 |  471.93  300.65 r |  471.93  300.65 - |  463.32  292.03 +c  463.34
5.3620e+13 |  471.93  300.65 r |  471.93  300.65 - |  463.42  292.13 +c  471.93
5.3640e+13 |  471.93  300.65 r |  471.93  300.65 - |  463.52  292.23 +c  471.93
5.3660e+13 |  471.93  300.65 r |  471.93  300.65 - |  463.61  292.33 +c  471.93
5.3680e+13 |  471.93  300.65 r |  471.93  300.65 - |  463.71  292.43 +c  471.93
5.3700e+13 |  471.93  300.65 r |  471.93  300.65 - |  463.81  292.53 +c  471.93
5.3720e+13 |  471.93  300.65 r |  471.93  300.65 - |  463.91  292.63 +c  471.93
5.3740e+13 |  471.93  300.65 r |  471.93  300.65 - |  464.01  292.73 +c  471.93
5.3760e+13 |  471.93  300.65 r |  471.93  300.65 - |  464.11  292.83 +c  471.93
5.3780e+13 |  471.93  300.65 r |  471.93  300.65 - |  464.21  292.92 +c  471.93
5.3800e+13 |  471.93  300.65 r |  471.93  300.65 - |  464.31  293.02 +c  471.93
5.3820e+13 |  471.93  300.65 r |  471.93  300.65 - |  464.41  293.12 +c  471.93
5.3840e+13 |  471.93  300.65 r |  471.93  300.65 - |  464.51  293.22 +c  471.93
5.3860e+13 |  471.93  300.65 r |  471.93  300.65 - |  464.61  293.32 +c  471.93
5.3880e+13 |  471.93  300.65 r |  471.93  300.65 - |  464.71  293.43 +c  471.93
5.3900e+13 |  471.93  300.65 r |  471.93  300.65 - |  464.80  293.52 +c  471.93
5.3920e+13 |  471.93  300.65 r |  471.93  300.65 - |  464.90  293.62 +c  471.93
5.3940e+13 |  471.93  300.65 r |  471.93  300.65 - |  465.00  293.72 +c  471.93
5.3960e+13 |  471.93  300.65 r |  471.93  300.65 - |  465.10  293.82 +c  471.93
5.3980e+13 |  471.93  300.65 - |  471.93  300.65 - |  465.20  293.92 +c  471.93
5.4000e+13 |  471.93  300.65 - |  471.93  300.65 - |  465.31  294.02 +c  471.93
5.4020e+13 |  471.93  300.65 - |  471.93  300.65 - |  465.41  294.12 +c  471.93
5.4040e+13 |  471.93  300.65 - |  471.93  300.65 - |  465.50  294.21 +c  471.93
5.4060e+13 |  471.93  300.65 - |  471.93  300.65 - |  465.60  294.31 +c  471.93
5.4080e+13 |  471.93  300.65 - |  471.93  300.65 - |  465.70  294.41 +c  471.93
5.4100e+13 |  471.93  300.65 - |  471.93  300.65 - |  465.80  294.52 +c  471.93
5.4120e+13 |  471.93  300.65 - |  471.93  300.65 - |  465.90  294.62 +c  471.93
5.4140e+13 |  471.93  300.65 - |  471.93  300.65 - |  466.00  294.72 +c  471.93
5.4160e+13 |  471.93  300.65 - |  471.93  300.65 - |  466.09  294.81 +c  471.93
5.4180e+13 |  471.93  300.65 - |  471.93  300.65 - |  466.19  294.91 +c  471.93
5.4200e+13 |  471.93  300.65 - |  471.93  300.65 - |  466.29  295.01 +c  471.93
5.4220e+13 |  471.93  300.65 - |  471.93  300.65 - |  466.40  295.11 +c  471.93
5.4240e+13 |  471.93  300.65 - |  480.52  309.24 - |  466.50  295.21 +c  471.93
5.4260e+13 |  471.93  300.65 - |  480.52  309.24 - |  466.60  295.31 +c  471.93
5.4280e+13 |  471.93  300.65 - |  480.52  309.24 - |  466.69  295.40 +c  471.93
5.4300e+13 |  471.93  300.65 - |  480.52  309.24 - |  466.79  295.51 +c  471.93
5.4320e+13 |  471.93  300.65 - |  480.52  309.24 - |  466.89  295.61 +c  471.93
5.4340e+13 |  471.93  300.65 - |  480.52  309.24 - |  466.99  295.71 +c  471.93
5.4360e+13 |  471.93  300.65 - |  480.52  309.24 - |  467.09  295.81 +c  471.93
5.4380e+13 |  471.93  300.65 - |  480.52  309.24 - |  467.19  295.91 +c  471.93
5.4400e+13 |  471.93  300.65 - |  480.52  309.24 - |  467.29  296.01 +c  471.93
5.4420e+13 |  471.93  300.65 - |  480.52  309.24 - |  467.39  296.10 +c  471.93
5.4440e+13 |  471.93  300.65 - |  480.52  309.24 - |  467.49  296.20 +c  471.93
5.4460e+13 |  471.93  300.65 - |  480.52  309.24 - |  467.59  296.30 +c  471.93
5.4480e+13 |  471.93  300.65 - |  480.52  309.24 - |  467.69  296.40 +c  471.93
5.4500e+13 |  471.93  300.65 - |  480.52  309.24 - |  467.79  296.50 +c  471.93
5.4520e+13 |  471.93  300.65 - |  480.52  309.24 - |  467.89  296.60 +c  471.93
5.4540e+13 |  471.93  300.65 - |  480.52  309.24 - |  467.98  296.70 +c  471.93
5.4560e+13 |  471.93  300.65 - |  480.52  309.24 - |  468.08  296.80 +c  471.93
5.4580e+13 |  471.93  300.65 - |  480.52  309.24 - |  468.18  296.90 +c  471.93
5.4600e+13 |  471.93  300.65 - |  480.52  309.24 - |  468.28  297.00 +c  471.93
5.4620e+13 |  471.93  300.65 - |  480.52  309.24 - |  468.38  297.10 +c  471.93
5.4640e+13 |  471.93  300.65 - |  480.52  309.24 - |  468.48  297.20 +c  471.93
5.4660e+13 |  471.93  300.65 - |  480.52  309.24 - |  468.58  297.29 +c  471.93
5.4680e+13 |  471.93  300.65 - |  480.52  309.24 - |  468.68  297.39 +c  471.93
5.4700e+13 |  471.93  300.65 - |  480.52  309.24 - |  468.78  297.49 +c  471.93
5.4720e+13 |  471.93  300.65 - |  480.52  309.24 - |  468.88  297.59 +c  471.93
5.4740e+13 |  471.93  300.65 - |  480.52  309.24 - |  468.98  297.69 +c  471.93
5.4760e+13 |  471.93  300.65 - |  480.52  309.24 - |  469.08  297.80 +c  471.93
5.4780e+13 |  471.93  300.65 - |  480.52  309.24 - |  469.18  297.90 +c  471.93
5.4800e+13 |  471.93  300.65 - |  480.52  309.24 - |  469.27  297.99 +c  471.93
5.4820e+13 |  471.93  300.65 - |  480.52  309.24 - |  469.37  298.09 +c  471.93
5.4840e+13 |  471.93  300.65 - |  480.52  309.24 - |  469.47  298.19 +c  471.93
5.4860e+13 |  471.93  300.65 - |  480.52  309.24 - |  469.57  298.29 +c  471.93
5.4880e+13 |  471.93  300.65 - |  480.52  309.24 - |  469.68  298.39 +c  471.93
5.4900e+13 |  471.93  300.65 - |  480.52  309.24 - |  469.78  298.49 +c  471.93
5.4920e+13 |  471.93  300.65 - |  480.52  309.24 - |  469.87  298.58 +c  471.93
5.4940e+13 |  471.93  300.65 - |  480.52  309.24 - |  469.97  298.68 +c  471.93
5.4960e+13 |  471.93  300.65 - |  480.52  309.24 - |  470.07  298.79 +c  471.93
5.4980e+13 |  471.93  300.65 - |  480.52  309.24 - |  470.17  298.89 +c  471.93
5.5000e+13 |  471.93  300.65 - |  480.52  309.24 - |  470.27  298.99 +c  471.93
5.5020e+13 |  471.93  300.65 - |  480.52  309.24 - |  470.37  299.09 +c  471.93
5.5040e+13 |  471.93  300.65 - |  480.52  309.24 - |  470.46  299.18 +c  471.93
5.5060e+13 |  471.93  300.65 - |  480.52  309.24 - |  470.56  299.28 +c  471.93
5.5080e+13 |  471.93  300.65 - |  480.52  309.24 - |  470.67  299.38 +c  471.93
5.5100e+13 |  471.93  300.65 - |  480.52  309.24 - |  470.77  299.48 +c  471.93
5.5120e+13 |  471.93  300.65 - |  480.52  309.24 - |  470.87  299.58 +c  471.93
5.5140e+13 |  471.93  300.65 - |  480.52  309.24 - |  470.97  299.68 +c  471.93
5.5160e+13 |  471.93  300.65 - |  480.52  309.24 - |  471.07  299.78 +c  471.93
5.5180e+13 |  471.93  300.65 - |  480.52  309.24 - |  471.16  299.88 +c  471.93
5.5200e+13 |  471.93  300.65 - |  480.52  309.24 - |  471.26  299.98 +c  471.93
5.5220e+13 |  471.93  300.65 - |  480.52  309.24 - |  471.36  300.08 +c  471.93
5.5240e+13 |  471.93  300.65 - |  480.52  309.24 - |  471.46  300.18 +c  471.93
5.5260e+13 |  471.93  300.65 - |  480.52  309.24 - |  471.56  300.28 +c  471.93
5.5280e+13 |  471.93  300.65 - |  480.52  309.24 - |  471.66  300.38 +c  471.93
5.5300e+13 |  471.93  300.65 - |  480.52  309.24 - |  471.76  300.47 +c  471.93
5.5320e+13 |  471.93  300.65 - |  480.52  309.24 - |  471.86  300.57 +c  471.93
5.5340e+13 |  480.52  309.24 - |  480.52  309.24 - |  471.96  300.67 +c  480.52
5.5360e+13 |  480.52  309.24 - |  480.52  309.24 - |  472.06  300.77 +c  480.52
5.5380e+13 |  480.52  309.24 - |  480.52  309.24 - |  472.16  300.87 +c  480.52
5.5400e+13 |  480.52  309.24 - |  480.52  309.24 - |  472.26  300.97 +c  480.52
5.5420e+13 |  480.52  309.24 - |  480.52  309.24 - |  472.35  301.07 +c  480.52
5.5440e+13 |  480.52  309.24 - |  480.52  309.24 - |  472.45  301.17 +c  480.52
5.5460e+13 |  480.52  309.24 - |  480.52  309.24 - |  472.55  301.27 +c  480.52
5.5480e+13 |  480.52  309.24 - |  480.52  309.24 - |  472.65  301.37 +c  480.52
5.5500e+13 |  480.52  309.24 - |  480.52  309.24 - |  472.75  301.47 +c  480.52
5.5520e+13 |  480.52  309.24 - |  480.52  309.24 - |  472.85  301.57 +c  480.52
5.5540e+13 |  480.52  309.24 - |  480.52  309.24 - |  472.96  301.67 +c  480.52
5.5560e+13 |  480.52  309.24 - |  480.52  309.24 - |  473.05  301.76 +c  480.52
5.5580e+13 |  480.52  309.24 - |  480.52  309.24 - |  473.15  301.86 +c  480.52
5.5600e+13 |  480.52  309.24 - |  480.52  309.24 - |  473.25  301.96 +c  480.52
5.5620e+13 |  480.52  309.24 - |  480.52  309.24 - |  473.35  302.07 +c  480.52
5.5640e+13 |  480.52  309.24 - |  480.52  309.24 - |  473.45  302.17 +c  480.52
5.5660e+13 |  480.52  309.24 - |  480.52  309.24 - |  473.55  302.27 +c  480.52
5.5680e+13 |  480.52  309.24 - |  480.52  309.24 - |  473.64  302.36 +c  480.52
5.5700e+13 |  480.52  309.24 - |  480.52  309.24 - |  473.74  302.46 +c  480.52
5.5720e+13 |  480.52  309.24 - |  480.52  309.24 - |  473.84  302.56 +c  480.52
5.5740e+13 |  480.52  309.24 - |  480.52  309.24 - |  473.95  302.66 +c  480.52
5.5760e+13 |  480.52  309.24 - |  480.52  309.24 - |  474.05  302.76 +c  480.52
5.5780e+13 |  480.52  309.24 - |  480.52  309.24 - |  474.15  302.86 +c  480.52
5.5800e+13 |  480.52  309.24 - |  480.52  309.24 - |  474.24  302.95 +c  480.52
5.5820e+13 |  480.52  309.24 - |  489.11  317.83 - |  474.34  303.06 +c  480.52
5.5840e+13 |  480.52  309.24 - |  489.11  317.83 - |  474.44  303.16 +c  480.52
5.5860e+13 |  480.52  309.24 - |  489.11  317.83 - |  474.54  303.26 +c  480.52
5.5880e+13 |  480.52  309.24 - |  489.11  317.83 - |  474.64  303.36 +c  480.52
5.5900e+13 |  480.52  309.24 - |  489.11  317.83 - |  474.74  303.46 +c  480.52
5.5920e+13 |  480.52  309.24 - |  489.11  317.83 - |  474.84  303.56 +c  480.52
5.5940e+13 |  480.52  309.24 - |  489.11  317.83 - |  474.94  303.65 +c  480.52
5.5960e+13 |  480.52  309.24 - |  489.11  317.83 - |  475.04  303.75 +c  480.52
5.5980e+13 |  480.52  309.24 - |  489.11  317.83 - |  475.14  303.85 +c  480.52
5.6000e+13 |  480.52  309.24 - |  489.11  317.83 - |  475.24  303.95 +c  480.52
5.6020e+13 |  480.52  309.24 - |  489.11  317.83 - |  475.34  304.05 +c  480.52
5.6040e+13 |  480.52  309.24 - |  489.11  317.83 - |  475.44  304.15 +c  480.52
5.6060e+13 |  480.52  309.24 - |  489.11  317.83 - |  475.53  304.25 +c  480.52
5.6080e+13 |  480.52  309.24 - |  489.11  317.83 - |  475.63  304.35 +c  480.52
5.6100e+13 |  480.52  309.24 - |  489.11  317.83 - |  475.73  304.45 +c  480.52
5.6120e+13 |  480.52  309.24 - |  489.11  317.83 - |  475.83  304.55 +c  480.52
5.6140e+13 |  480.52  309.24 - |  489.11  317.83 - |  475.93  304.65 +c  480.52
5.6160e+13 |  480.52  309.24 - |  489.11  317.83 - |  476.03  304.75 +c  480.52
5.6180e+13 |  480.52  309.24 - |  489.11  317.83 - |  476.13  304.84 +c  480.52
5.6200e+13 |  480.52  309.24 - |  489.11  317.83 - |  476.23  304.94 +c  480.52
5.6220e+13 |  480.52  309.24 - |  489.11  317.83 - |  476.33  305.04 +c  480.52
5.6240e+13 |  480.52  309.24 - |  489.11  317.83 - |  476.43  305.14 +c  480.52
5.6260e+13 |  480.52  309.24 - |  489.11  317.83 - |  476.53  305.24 +c  480.52
5.6280e+13 |  480.52  309.24 - |  489.11  317.83 - |  476.63  305.35 +c  480.52
5.6300e+13 |  480.52  309.24 - |  489.11  317.83 - |  476.73  305.45 +c  480.52
5.6320e+13 |  480.52  309.24 - |  489.11  317.83 - |  476.82  305.54 +c  480.52
5.6340e+13 |  480.52  309.24 - |  489.11  317.83 - |  476.92  305.64 +c  480.52
5.6360e+13 |  480.52  309.24 - |  489.11  317.83 - |  477.02  305.74 +c  480.52
5.6380e+13 |  480.52  309.24 - |  489.11  317.83 - |  477.12  305.84 +c  480.52
5.6400e+13 |  480.52  309.24 - |  489.11  317.83 - |  477.23  305.94 +c  480.52
5.6420e+13 |  480.52  309.24 - |  489.11  317.83 - |  477.33  306.04 +c  480.52
5.6440e+13 |  480.52  309.24 - |  489.11  317.83 - |  477.42  306.13 +c  480.52
5.6460e+13 |  480.52  309.24 - |  489.11  317.83 - |  477.52  306.23 +c  480.52
5.6480e+13 |  480.52  309.24 - |  489.11  317.83 - |  477.62  306.34 +c  480.52
5.6500e+13 |  480.52  309.24 - |  489.11  317.83 - |  477.72  306.44 +c  480.52
5.6520e+13 |  480.52  309.24 - |  489.11  317.83 - |  477.82  306.54 +c  480.52
5.6540e+13 |  480.52  309.24 - |  489.11  317.83 - |  477.92  306.64 +c  480.52
5.6560e+13 |  480.52  309.24 - |  489.11  317.83 - |  478.01  306.73 +c  480.52
5.6580e+13 |  480.52  309.24 - |  489.11  317.83 - |  478.11  306.83 +c  480.52
5.6600e+13 |  480.52  309.24 - |  489.11  317.83 - |  478.22  306.93 +c  480.52
5.6620e+13 |  480.52  309.24 - |  489.11  317.83 - |  478.32  307.03 +c  480.52
5.6640e+13 |  480.52  309.24 - |  489.11  317.83 - |  478.42  307.13 +c  480.52
5.6660e+13 |  480.52  309.24 - |  489.11  317.83 - |  478.52  307.23 +c  480.52
5.6680e+13 |  480.52  309.24 - |  489.11  317.83 - |  478.62  307.33 +c  480.52
5.6700e+13 |  480.52  309.24 - |  489.11  317.83 - |  478.71  307.43 +c  480.52
5.6720e+13 |  480.52  309.24 - |  489.11  317.83 - |  478.81  307.53 +c  480.52
5.6740e+13 |  480.52  309.24 - |  489.11  317.83 - |  478.91  307.63 +c  480.52
5.6760e+13 |  480.52  309.24 - |  489.11  317.83 - |  479.01  307.73 +c  480.52
5.6780e+13 |  480.52  309.24 - |  489.11  317.83 - |  479.11  307.83 +c  480.52
5.6800e+13 |  480.52  309.24 - |  489.11  317.83 - |  479.21  307.93 +c  480.52
5.6820e+13 |  480.52  309.24 - |  489.11  317.83 - |  479.31  308.02 +c  480.52
5.6840e+13 |  480.52  309.24 - |  489.11  317.83 - |  479.41  308.12 +c  480.52
5.6860e+13 |  480.52  309.24 - |  489.11  317.83 - |  479.51  308.22 +c  480.52
5.6880e+13 |  480.52  309.24 - |  489.11  317.83 - |  479.61  308.32 +c  480.52
5.6900e+13 |  480.52  309.24 - |  489.11  317.83 - |  479.71  308.42 +c  480.52
5.6920e+13 |  480.52  309.24 - |  489.11  317.83 - |  479.81  308.52 +c  480.52
5.6940e+13 |  480.52  309.24 - |  489.11  317.83 - |  479.90  308.62 +c  480.52
5.6960e+13 |  480.52  309.24 - |  489.11  317.83 - |  480.00  308.72 +c  480.52
5.6980e+13 |  480.52  309.24 - |  489.11  317.83 - |  480.10  308.82 +c  480.52
5.7000e+13 |  480.52  309.24 - |  489.11  317.83 - |  480.20  308.92 +c  480.52
5.7020e+13 |  480.52  309.24 - |  489.11  317.83 - |  480.30  309.02 +c  480.52
5.7040e+13 |  480.52  309.24 - |  489.11  317.83 - |  480.40  309.12 +c  480.52
5.7060e+13 |  480.52  309.24 - |  489.11  317.83 - |  480.51  309.22 +c  480.52
5.7080e+13 |  489.11  317.83 - |  489.11  317.83 - |  480.60  309.31 +c  489.11
5.7100e+13 |  489.11  317.83 - |  489.11  317.83 - |  480.70  309.41 +c  489.11
5.7120e+13 |  489.11  317.83 - |  489.11  317.83 - |  480.80  309.51 +c  489.11
5.7140e+13 |  489.11  317.83 - |  489.11  317.83 - |  480.90  309.62 +c  489.11
5.7160e+13 |  489.11  317.83 - |  489.11  317.83 - |  481.00  309.72 +c  489.11
5.7180e+13 |  489.11  317.83 - |  489.11  317.83 - |  481.10  309.82 +c  489.11
5.7200e+13 |  489.11  317.83 - |  489.11  317.83 - |  481.19  309.91 +c  489.11
5.7220e+13 |  489.11  317.83 - |  489.11  317.83 - |  481.29  310.01 +c  489.11
5.7240e+13 |  489.11  317.83 - |  489.11  317.83 - |  481.39  310.11 +c  489.11
5.7260e+13 |  489.11  317.83 - |  489.11  317.83 - |  481.50  310.21 +c  489.11
5.7280e+13 |  489.11  317.83 - |  489.11  317.83 - |  481.60  310.31 +c  489.11
5.7300e+13 |  489.11  317.83 - |  489.11  317.83 - |  481.70  310.41 +c  489.11
5.7320e+13 |  489.11  317.83 - |  489.11  317.83 - |  481.79  310.50 +c  489.11
5.7340e+13 |  489.11  317.83 - |  489.11  317.83 - |  481.89  310.60 +c  489.11
5.7360e+13 |  489.11  317.83 - |  489.11  317.83 - |  481.99  310.71 +c  489.11
5.7380e+13 |  489.11  317.83 - |  497.70  326.42 - |  482.09  310.81 +c  489.11
5.7400e+13 |  489.11  317.83 - |  497.70  326.42 - |  482.19  310.91 +c  489.11
5.7420e+13 |  489.11  317.83 - |  497.70  326.42 - |  482.29  311.01 +c  489.11
5.7440e+13 |  489.11  317.83 - |  497.70  326.42 - |  482.39  311.11 +c  489.11
5.7460e+13 |  489.11  317.83 - |  497.70  326.42 - |  482.49  311.20 +c  489.11
5.7480e+13 |  489.11  317.83 - |  497.70  326.42 - |  482.59  311.30 +c  489.11
5.7500e+13 |  489.11  317.83 - |  497.70  326.42 - |  482.69  311.40 +c  489.11
5.7520e+13 |  489.11  317.83 - |  497.70  326.42 - |  482.79  311.50 +c  489.11
5.7540e+13 |  489.11  317.83 - |  497.70  326.42 - |  482.89  311.60 +c  489.11
5.7560e+13 |  489.11  317.83 - |  497.70  326.42 - |  482.99  311.70 +c  489.11
5.7580e+13 |  489.11  317.83 - |  497.70  326.42 - |  483.08  311.80 +c  489.11
5.7600e+13 |  489.11  317.83 - |  497.70  326.42 - |  483.18  311.90 +c  489.11
5.7620e+13 |  489.11  317.83 - |  497.70  326.42 - |  483.28  312.00 +c  489.11
5.7640e+13 |  489.11  317.83 - |  497.70  326.42 - |  483.38  312.10 +c  489.11
5.7660e+13 |  489.11  317.83 - |  497.70  326.42 - |  483.48  312.20 +c  489.11
5.7680e+13 |  489.11  317.83 - |  497.70  326.42 - |  483.58  312.30 +c  489.11
5.7700e+13 |  489.11  317.83 - |  497.70  326.42 - |  483.68  312.39 +c  489.11
5.7720e+13 |  489.11  317.83 - |  497.70  326.42 - |  483.78  312.49 +c  489.11
5.7740e+13 |  489.11  317.83 - |  497.70  326.42 - |  483.88  312.59 +c  489.11
5.7760e+13 |  489.11  317.83 - |  497.70  326.42 - |  483.98  312.69 +c  489.11
5.7780e+13 |  489.11  317.83 - |  497.70  326.42 - |  484.08  312.79 +c  489.11
5.7800e+13 |  489.11  317.83 - |  497.70  326.42 - |  484.18  312.90 +c  489.11
5.7820e+13 |  489.11  317.83 - |  497.70  326.42 - |  484.28  313.00 +c  489.11
5.7840e+13 |  489.11  317.83 - |  497.70  326.42 - |  484.37  313.09 +c  489.11
5.7860e+13 |  489.11  317.83 - |  497.70  326.42 - |  484.47  313.19 +c  489.11
5.7880e+13 |  489.11  317.83 - |  497.70  326.42 - |  484.57  313.29 +c  489.11
5.7900e+13 |  489.11  317.83 - |  497.70  326.42 - |  484.67  313.39 +c  489.11
5.7920e+13 |  489.11  317.83 - |  497.70  326.42 - |  484.78  313.49 +c  489.11
5.7940e+13 |  489.11  317.83 - |  497.70  326.42 - |  484.88  313.59 +c  489.11
5.7960e+13 |  489.11  317.83 - |  497.70  326.42 - |  484.97  313.68 +c  489.11
5.7980e+13 |  489.11  317.83 - |  497.70  326.42 - |  485.07  313.78 +c  489.11
5.8000e+13 |  489.11  317.83 - |  497.70  326.42 - |  485.17  313.88 +c  489.11
built (DKM layout, the new check): largest T with the room kept and fitting 5.3960e+13; the room first off at 5.3980e+13; largest T fitting 5.5320e+13
NEWTON_DKM=0 (the new check): largest T with the room kept and fitting 5.1660e+13; the room first off at 5.1680e+13; largest T fitting 5.4220e+13
BS_ARENA_ROOM=0 (DKM layout, arena as laid out): largest T with the room kept and fitting -; the room first off at 5.0000e+13; largest T fitting 5.6940e+13
BS_ARENA_ROOM=0 (DKM layout) with the arenas counted in whole VMM chunks: largest T fitting 5.5320e+13
